TOTAL_WORD_COUNT,COUNT,RARITY,TOKEN_ID
3,1,0.02%,[3369]
24,4,0.08%,[80086;6247;8717;6529]
23,8,0.16%,[8989;8707;6492;7505;777555;405;9115;69421]
4,9,0.18%,[4837;282;700000;4536;6351;51310;5205;690690;450]
22,17,0.34%,[392983;275;7664;3176;6301;22351;4875;353534;121213;3897;392967;71020;475449;188526;29;70002;99999]
5,19,0.38%,[8823;6221;812457;92681;394;333442;239630;54646;4725;77069;233;650;2153;4120;87537;97;11118;17199;14]
21,34,0.68%,[2431;890;30420;135893;405123;5320;4631;875964;4833;4731;2678;5219;4202;36215;6701;5972;161337;516;1080;1472;666222;4228;151013;999451;77288;888572;68002;792670;100006;802730;92075;1234;3334;888]
6,36,0.72%,[4893;740;11298;3770;13234;6526;2365;412456;73624;8633;4881;4136;69732;76011;4724;6424;165;151015;68019;68003;4125;395518;126;95624;239582;51441;666650;66006;94;67;3367;452752;932;632;671;47815]
7,66,1.32%,[5983;49456;610;1084;438293;2513;7250;3769;427;6429;7436;9254;7767;3365;7845;327;3499;3783;4829;56443;4470;13826;382;424242;1597;1941;88887;6925;7445;1468;1475;2323;98563;42143;853;6118;239626;6346;728111;4206;8069;4039;549;1741;6432;666660;4225;9595;4036;15014;95619;301942;63894;777333;31337;11116;65;542222;4112;70010;8001;413;486733;3345;998877;1957]
20,79,1.58%,[781;5611;88188;3420;539;919191;58933;12669;352;260;75341;9034;15215;780586;1429;88388;6729;1606;78914;4276;2721;26635;4544;283;75648;4174;72721;300000;4856;457883;3991;5473;1678;6719;76009;1615;5569;1589;46642;9014;793873;1241;131337;3963;239625;547657;1276;8738;161;4472;10987;763;12616;39291;6501;5683;1746;5000;39288;9058;1358;912;119965;500;73634;66023;475453;71014;5588;63895;42696;8930;3433;133769;373555;50;805;100;346]
8,124,2.48%,[13312;1170;608;6537;6511;99699;333555;2401;34342;8243;439;1033;351;4076;14393;4268;8686;310797;7957;46270;52324;4075;97666;4985;271;499664;639;5661;73622;5238;789783;5781;987653;3880;6685;7769;2325;8536;2769;148745;49696;4264;3780;8032;2622;2310;1827;305;796;4726;95690;2050;101511;612387;6798;3323;156892;8323;4328;66600;414141;6261;4208;8322;4237;182989;2242;4057;151017;23456;34535;73637;4982;46498;1287;68004;7412;726;2354;2648;134;3106;503;8721;411337;3424;66051;126216;4526;900000;39285;236;278;888193;3339;345453;95632;71012;66012;32523;42169;4269;63900;95609;343554;878888;66002;98765;2731;44652;24656;234876;55;4114;70015;123888;194;674;672;180;42069;628;7910;69001]
19,141,2.82%,[2056;762633;6687;6542;4600;820;99532;7848;1796;111124;4791;5478;445;3121;63727;475470;778844;21039;321326;431;66999;1269;316;287;420426;100069;849;263;34563;9000;9373;1666;4518;3913;5863;5777;315838;643891;814451;2753;4323;814;5688;19921;1273;725159;342352;591;4457;222999;363636;3459;8431;3236;44400;3267;222444;2163;874;7658;3009;1237;8833;4273;8740;85785;10890;335;4321;896;7656;854345;793;5414;6661;342343;201941;148;2048;790;766756;690;68029;54319;400;1778;5605;2400;4042;151010;151008;1888;2693;34555;4011;151002;68006;77377;8812;6655;8173;106;34;103;60;800817;6433;300;95644;71046;969815;6431;524;5523;6289;15015;70077;78892;321130;1284;475451;54549;875341;77;52;8892;65016;70004;682207;202;178;177;65463;5452;1955;94436;700160;7;1958;777777;111111]
9,210,4.2%,[999996;1196;3883;2179;6530;134344;1282;6226;536326;3067;87428;112124;1832;3860;5684;5241;20078;645321;645;3910;3767;871555;6422;398;8528;4071;13571;489112;339;329;343;3984;111117;266;312;2987;2938;808886;880;82393;44141;383;4541;2422;98681;2053;6352;7331;475468;2928;4454;120000;412564;2173;69999;3241;3035;9985;3012;5872;3621;2477;4368;272;4453;4143;999146;5641;31758;6525;3454;5211;600000;717;100100;209452;4853;808;2356;2572;3867;10867;4255;22200;88088;806;3760;392973;99545;84237;4250;882;4194;1969;7543;6996;5246;444888;1840;32355;8919;9382;4425;1712;3210;6665;8241;4023;518;3233;78901;6116;4285;23919;5883;273;6508;213;2778;3239;391;4327;90210;481;39294;4571;4052;68025;2235;234324;725153;2823;5256;4325;577;2157;782;88880;4434;142;349;9465;5254;110;71;500100;1118;99985;4222;4196;2450;13113;78897;4867;71050;5411;15022;157;7657;4333;240;1740;63910;409;777111;7246;423;2756;2007;4214;12456;15012;66036;9183;66016;452655;882837;71010;66007;4357;54550;725147;95603;533580;46495;5656;835187;4220;683019;39277;12314;3212;1152;96;773782;72;55565;196;3378;195;509492;98;11;629;225;626;1954;748337;798;4215]
18,224,4.48%,[2206;4734;717171;99991;807;420432;7961;651;9994;881;7858;1632;5026;4270;76212;2114;564;581;546;8429;6215;2147;5100;3768;1537;429;402;4400;1628;332;25647;1794;3272;58273;1248;265;522;28374;8042;873555;4375;6960;22591;802;88988;1208;77321;4254;28863;13337;5771;4473;6452;264;1207;286055;3893;2596;5564;888871;3245;944;4854;4563;66676;338833;962;30000;1789;5002;123214;1863;6327;800;2169;156896;2889;50819;2864;447;6524;19991;888869;813;815;5328;3238;166813;6485;317;3344;2221;420024;6932;12662;6278;4912;4134;22310;7746;156895;2887;6678;4248;8864;121215;9624;4863;76008;156889;76003;655;76004;840;6784;26634;44223;792;3488;4147;358;6298;2020;87462;1474;7444;2186;89637;4983;239624;4574;159;4231;9876;91337;1010;146;497;12442;2745;4058;4054;2192;68021;478;6543;543;8222;42670;4022;7536;39292;345;3423;761;422;234;1972;68005;600991;2046;3436;2675;8172;10588;120;116;7887;5651;258;6293;111110;476726;9997;71051;66048;95646;114210;1134;388;292929;550;2345;34123;9245;432971;6287;66030;95630;1061;78889;74634;6262;10020;66001;876;4281;4282;491805;16255;507;4200;194000;2841;669669;8;70017;81;65009;489649;761544;65000;34444;191;59;333;1960;2;1963;13535;242424;12;1952;69010]
10,313,6.26%,[98723;7251;32453;6539;736158;5599;1799;32452;3882;682;7556;1726;26695;100123;3519;78919;392987;456234;2385;783523;888873;98802;31703;566;5554;437254;2512;155555;41241;2456;17410;414;441;321321;5343;340;5278;8494;6006;285;727633;1769;3610;4836;2773;281;252;73626;56451;8328;6754;9127;133788;1790;163211;933607;7956;1521;6769;98801;5885;1112;81249;55138;5270;500001;808080;4480;11709;11110;4564;3400;338811;7515;5240;228;5227;511;7757;132576;688;5125;6363;2866;74871;678102;420239;66211;83726;827361;294;3608;4199;1065;567;5584;7668;3477;6421;77234;1881;1151;133643;2865;1478;12343;7823;24644;78913;678899;816;2167;832;79852;7002;2525;6349;622;565321;6484;31117;222777;333355;144445;2499;811;4736;8862;6589;2599;372;9112;9111;9463;76010;8426;3902;510;8753;291821;9998;3526;8325;553;5867;2368;4157;58008;1613;890542;3516;4239;6547;5655;707070;371;4699;6297;3107;435;4841;7752;3965;96969;3962;411;3098;1991;2487;8521;8454;3842;3055;5423;5795;208;173;5682;46500;8832;64732;7537;5794;73642;6504;2125;81337;8221;4055;696900;2466;6322;613;852;754;614;4050;54532;1289;151009;2624;68014;3426;2623;555455;1581;69124;73639;3458;745;4324;523;277;23457;12455;151003;68001;2735;632085;561;8228;888999;6453;22222;7534;121;1050;7611;516169;6434;6123;4235;666667;7866;4004;95653;734833;4001;725151;888777;73635;4209;95642;4119;63905;298;84543;3383;275314;281197;362094;475761;66035;39282;95623;66034;66026;71018;66014;761536;364476;1023;66008;166;4444;1739;949;2627;1784;78886;78887;4383;13888;908;527016;3476;34411;44444;20;11125;2703;37;56;515166;49;54548;70014;999499;6528;88237;937;8844;70;10;73812;183;1374;1546;3346;175;231711;6667;65444;1111;953;19270;655793;69003;1951;348564;69013;69007;69008]
17,318,6.36%,[4550;7962;821;30001;4669;5438;6129;4422;6220;65535;8802;6536;6531;6517;6513;33033;749;35233;713;99762;24570;3996;8592;7943;23232;400400;3473;615565;747;393452;5934;5933;1280;3679;545422;6572;6876;22244;681;6900;64544;506;1199;6027;234024;97746;737;8330;46507;12769;390;361;286;837473;4433;994832;3342;26689;63725;7512;901;720;5587;192674;58634;77211;4737;122212;436578;9632;2012;1330;9433;99014;38492;5589;3530;87315;1626;3952;4753;744744;7811;24810;883383;1174;3541;5434;9420;7813;34489;113000;333111;78915;1702;19569;2172;8979;4765;991;375;5235;33470;4733;54320;5232;50820;404;3131;947;2754;392980;24816;7593;20030;4843;5420;963;1390;354;65498;4015;475465;25646;3815;6302;7351;1676;6121;246;5488;4198;522310;31118;6488;22356;392974;2166;2621;831;1386;7223;1264;6120;11000;7421;5069;3763;5487;4531;1566;829;222111;6774;7659;3425;4280;3489;1621;6464;156891;6119;6274;392;2343;5155;98564;1202;76000;534;2144;6673;475460;4460;4436;9015;6347;5326;8425;2272;42355;4626;5835;999666;1295;76182;53789;2643;2568;611;3336;4246;221;2615;8022;5005;4984;8831;170;1611;58574;3960;100009;6735;420691;6505;151022;483;888574;8145;4053;4056;151021;4046;6662;3789;151016;4047;4040;725152;12349;420069;3754;8701;2748;2875;1491;8732;7634;151001;745368;69632;8421;229;2405;3105;2001;3030;4561;2545;49332;4218;71053;66047;71049;71045;2741;15023;245;987312;434;238;313;63903;63906;46496;3257;628556;15016;999986;27895;7775;71033;999110;66029;66027;95629;71028;95625;66017;71016;71013;123122;504660;871758;809;4284;8675;10001;2843;5469;15;1451;4381;814334;7343;888526;842272;1834;85;3750;3256;3219;301947;9088;46010;65019;83;142069;420420;42692;78;54;36;53;12135;65006;201;205;1113;456789;555555;42101;7423;3333;69002;4329;891967]
11,463,9.26%,[873058;6462;6948;1894;1766;683;883;45799;3202;202515;1523;2205;6520;6515;6514;6518;24807;12512;465832;7814;4884;6826;4677;7295;78956;6009;812451;4431;1797;1798;32591;6212;534111;8842;9512;122124;3983;4412;6132;63553;7547;45644;6197;2214;8643;2129;392988;46508;8724;8723;282934;14141;25471;375243;999909;565;460;461;459;727757;7725;850;55554;7498;8240;8239;7625;780;430;8751;440;999997;7666;334;6210;4310;293;469;832843;124124;3654;5273;6425;196358;5331;1708;984123;230;9988;1816;569;4138;10010;8238;1536;957;889;3841;420425;2727;3812;899999;8262;384;4439;4977;67678;2833;5463;4070;3620;50821;14001;455;848;345633;495;4652;88800;10589;600001;100827;3911;41314;46505;7435;1311;1179;4347;337;2764;1624;200000;36326;722;273111;19557;3896;1479;3874;6582;269;6588;5115;4025;1997;1711;23852;5224;5234;5237;2870;2867;7723;888870;56172;392979;859;463;46504;222228;3255;8066;23337;3741;7692;2170;734;6725;3827;440000;7899;9914;693;192677;678100;5208;2321;6122;833;220000;392975;725160;1254;2767;64648;2224;2151;6487;7117;92837;8089;6907;9500;642;3113;6497;33300;956;9552;6420;4256;75644;69969;8236;3858;475464;392972;392971;5417;4919;725158;4874;2442;565322;396;7655;5556;9108;17533;4241;4244;467;4338;4674;5222;1995;1614;6664;88829;7665;4373;1081;6299;8324;2777;401;3999;725156;3234;619;725157;955;2116;855;2161;2500;222333;1024;6336;3429;8739;333369;774774;3201;367;126969;3069;8635;7747;1826;2112;7538;85471;1919;3242;5789;9251;6789;241;666555;1354;7937;1545;1009;3125;827;2069;984;212;9093;4141;302;579;299;6001;2240;149;4326;1027;6866;489;487;73012;68028;73010;873;3169;699;1467;318008;69422;473;151019;25791;7158;814478;1999;3522;4723;4538;19854;2948;68017;39293;1824;4041;8764;80085;4043;551;888991;721530;2739;8725;2374;69411;571;5001;1420;71337;1742;296;881200;938276;4523;4010;1288;1823;3849;42533;319225;618582;838;617;8422;26633;1109;137;117;7533;114;600300;104;115;5551;4570;4562;555550;6294;78895;2131;95651;95648;95647;4003;4005;444444;39284;825;432;1857;87423;35123;8921;28;63908;4448;95636;66040;55522;1743;42697;128;26627;867;999987;454677;15005;66019;71017;71025;95614;71022;146158;39280;38877;784;23;63898;121337;1293;7568;100005;1609;95606;512;573;2783;8008;531;9089;9898;4210;2389;909;901928;2332;453434;777444;888886;777666;78883;11123;618956;93;939283;5891;51;5467;8894;8895;8893;763418;65013;65008;820730;77777;6666;631;185;179;6669;670;3451;44442;6971;654;231;22;3412;145;666633;1961;58957;9999;29769;1959;69004;1337;133337;233451;541]
16,473,9.46%,[26843;19739;55150;6217;3887;44859;6128;7755;7821;99536;9995;86987;818823;6516;3464;6378;1987;3847;224466;61261;674224;940;45348;812452;99534;99535;1369;9343;3463;98173;1217;20251;38921;585;3845;77888;58934;3534;2028;9989;56779;8499;3985;392989;6127;13131;785;123902;42462;2592;7157;1210;6359;4810;55876;535;494;2847;4477;984124;7885;5954;900005;8242;239632;6477;1344;415;1629;418;395;45645;420429;6353;5932;4537;6225;2601;22234;232323;33013;1331;6211;644;365;5279;360;386;364;331;320;297;7545;4501;45687;56789;3915;274;1299;8543;25000;37108;6126;5521;444982;330000;2187;4019;4020;787;5586;33313;91841;9647;79568;3434;354129;40423;903;212121;4535;989;3609;3542;3899;993;35234;171337;3445;7663;247;994;6372;6943;862;22220;80888;306;392977;3535;2869;87564;875;3475;77778;466;475466;6874;98573;76015;98571;2593;4067;3618;4634;348;678101;789789;2168;845;4265;2862;1843;34876;13423;5206;2324;1159;8747;1477;101012;998887;1940;7660;1993;8457;97898;3430;4195;5959;347;2888;4649;1252;5204;6463;8647;75646;2859;1562;1815;1651;490;55500;1296;101011;6003;6778;4877;981282;4137;78910;100000;439445;3846;76181;5583;6348;156894;8500;1158;657;1563;13657;6684;131313;2598;53400;121217;369;4449;3108;1122;4288;951;76007;4779;1829;1373;7564;46502;529;620;442;646;6791;392969;359;3337;1871;13333;2160;2162;5327;8093;4575;4193;357;791;46501;32221;4447;289;832719;92888;32222;4287;121212;1612;1636;7005;7123;6921;3961;6117;13121;226;3617;515;22251;2677;406;4190;546465;589;171;151515;1825;4573;163;141;2002;4230;901000;8787;2009;3258;2398;6506;4051;8821;4275;476;73007;66660;78900;4048;73640;8874;2576;151014;68018;777776;98389;705;489125;2743;2625;472;814477;530;4037;470;646311;245879;6437;458931;721;578;3422;696965;5534;800003;1750;95670;42422;4534;8869;151007;965;2424;4521;220;8773;99456;746273;2304;726362;703;55512;6790;597;39289;39290;465;100008;83919;9059;8423;42698;124;108;4007;61337;6292;541236;567382;6532;242;2045;4224;3325;1833;479;323232;678832;71048;95652;66052;95645;66044;71044;475225;2347;15021;3432;4589;2152;118811;107;227;834;2785;100303;338;212217;88885;7864;456896;4213;6286;71043;71037;66038;31693;3103;15007;9091;3102;95633;78893;95635;71035;66033;71031;66020;66018;489641;95617;2021;888880;929273;645061;697447;52521;268423;484381;214955;850827;707;408;2478;63897;255558;679;95605;41;881037;71003;71005;521015;132;456;4283;761542;2000;4203;246071;815161;154;7733;1232;4455;4546;234567;70016;74;76;47;31;45;4116;3958;70012;70006;70001;651165;11169;99;704;197;888888;999;7364;176;47816;37493;12345;108887;4;3988;143224;69016]
15,570,11.4%,[5654;5492;3861;550000;4658;3347;8769;2180;7869;1764;1763;15213;7853;392991;6216;666420;660;5394;5600;782394;3315;75533;6538;6512;4988;8501;6519;600;44443;72697;6439;7627;99533;812453;4263;1631;1767;108108;2177;732;612;420431;636;8759;4312;2387;5868;111112;113861;6500;9005;458798;4376;4334;5433;540;580;8263;557;552;464;560;451;527;448;7555;5025;8529;9637;192673;600123;958;6007;4828;101110;415689;3613;3299;191337;5648;566566;3766;5590;2176;419;433;1300;872555;78918;943;3981;59011;499;4882;3479;1321;57585;234022;363;5280;5277;330;393;988982;284;324;643;572;307;1795;88488;42000;123453;5276;5275;743261;87421;4721;181337;268;900001;81634;475469;4348;775;3540;1696;2594;11248;761244;80083;93841;416;3992;123654;1421;78917;16548;6125;1515;1333;2394;3912;812456;83076;873671;5566;2934;31119;1706;699420;52464;6356;4835;88322;808887;3523;2891;4469;4346;638;3900;322;6144;1206;3478;19143;41423;7955;3895;5215;1998;1792;420422;5746;6698;543210;111813;65834;336;4342;87311;248;1648;5462;24837;5233;5220;5223;3765;8866;537;1520;7844;156166;83789;1942;1944;7923;239629;4374;4533;3490;4266;52000;3491;8235;51678;1845;5874;946;837261;5213;8959;551115;69888;8589;3521;2788;1853;4729;2931;2203;3518;6522;517;2863;856;858;4277;1556;4278;5221;1220;5090;9754;5209;2322;3399;69777;6004;3509;420421;2202;36216;2363;893;2860;624;6486;623;8588;456245;3848;5065;1788;1994;261;75345;4175;2626;1251;7888;4739;2278;4880;34562;78912;147215;9918;3109;194003;4878;2302;3764;134135;4876;75645;520;4272;73789;621;7773;489166;144444;6699;151337;5953;147214;443;333334;2164;9114;4891;5687;1874;2137;98761;18181;4500;1361;4630;73015;7542;618;27834;3443;715;8532;5274;5761;783;69690;8456;25645;123123;2465;1211;665;2148;239627;8085;123432;2694;1787;3366;9845;4612;1875;3525;4992;4192;4238;3964;1110;748;6510;7947;691;314;2798;6507;218;172;615;4245;167;3949;777775;101337;2159;1471;138516;420696;151024;1201;73011;486;151025;997;9464;6000;4129;8451;3546;1818;151020;73006;73005;2047;8453;6534;2158;4128;32358;6022;1290;761167;3500;3851;68016;23434;6503;6436;471;4352;7335;9032;209;8700;111221;691337;3000;42040;9060;1745;1860;273817;77770;151006;888333;68007;6295;233311;156;9669;7003;482;127;498;133;135;1286;136;139;109;105;8765;113;45678;762;1776;2674;501;4568;6290;41337;34772;5875;3567;23010;35543;99273;66045;66043;4006;9944;9006;12592;276;256;66042;3421;4800;627304;237;832497;5790;2232;7432;1285;1313;2384;57496;797474;7633;95639;66037;71039;73632;67976;15009;15010;15006;95634;7433;71030;71029;71015;39281;888885;40974;335006;958175;34543;651043;8271;1488;63899;211337;95608;95610;725148;5124;33333;71001;71004;2121;851518;3100;475452;200651;742069;123469;987654;76345;1243;66000;5468;797750;95601;385490;3455;71000;100004;296436;359818;518302;756315;532;33000;112233;436;2839;317118;79;5993;111;4126;25;62;66;38;35;46494;42;4345;875342;4113;65014;21;65010;70007;65007;421373;138687;652822;175143;137810;300099;25626;199;8002;55555;7777;198;696966;10101;885522;6970;66621;625;446;4322;509423;13;88;1953;8888;44181;15564;69017;797;453758;69420;420;69015;69014;69011;69012]
12,605,12.1%,[4627;3623;123457;46421;6612;6267;88141;986315;4838;913;12344;1469;1439;33341;250000;7517;5334;392990;84138;6533;44122;80087;87865;1965;3485;8755;8265;6535;88889;99879;2015;86781;17777;1633;2469;884698;4171;6213;34223;13869;5333;4508;14124;1424;50001;71938;88821;192672;8585;730;334455;966;127794;2300;3844;42070;649;583;3995;4490;521;4155;582;542;24809;77771;453;449;1301;5332;9001;8497;234023;75531;8496;1385;774424;4986;4539;82763;135890;1332;428;53493;982374;13998;397;400000;6733;468;4351;99256;3879;353;5323;341;366;325;323;9769;319;309;3253;4621;5272;5271;8756;5643;570;2550;1209;267;54851;253;1368;888000;46506;55222;200001;287835;8952;4353;694269;4587;3914;4172;9461;5330;22911;2175;4090;259;2771;63724;555552;999147;192675;687989;87533;1310;1865;55137;3781;8590;55135;1728;32422;847;3457;51313;11294;1623;9869;6493;34512;6174;3674;31113;33330;8749;133742;2954;73623;4730;609;2233;5231;8281;999992;2781;7810;878;3529;4735;2597;4696;8754;576;2022;1298;58824;392981;5585;2930;76172;76013;156897;5212;218731;999421;7662;2475;4223;24647;235;4451;988;3866;983;5486;710;9095;19990;3528;8861;901010;9545;67274;3840;6005;392976;5217;3444;4763;812;800000;110000;5207;7667;6942;417;126166;15683;810078;20000;3469;4197;3877;315835;9622;2969;5418;9084;6482;8181;778;44410;4341;11112;134001;810;2287;50817;11100;4844;4972;78911;4710;2985;7464;842;2051;4879;3762;3761;1412;4380;21520;95700;1679;9113;9969;6481;9107;485791;3921;9105;4249;677;69522;244;70600;303099;8964;7999;4432;5098;7732;4672;2543;2907;3884;239628;4842;76005;3411;156890;846;6002;98565;291;895326;76001;83638;526;528;5252;141337;3273;7843;3555;1567;8669;28373;4367;55550;3235;489124;7610;280;4372;4371;888884;6321;8088;437;7490;464219;10000;2999;44440;9841;8152;9083;3667;2779;77775;533;4191;7654;16612;77700;219;209458;2980;251;661;1899;2241;336699;593;1069;217;3442;2747;7326;6931;64532;100010;857;39296;3335;1868;164;147;144;3123;4572;234679;1985;3259;9013;484;485;321;488;151023;706;3575;39295;95680;4049;5679;8534;8735;310;1945;68023;73009;370;73641;3853;4045;2676;2984;5793;2313;73003;2742;458;73001;471158;4258;6540;140;725155;788;4038;4667;103511;4188;324223;151011;6326;1214;933653;774641;1473;5365;5345;6124;2189;947544;298423;2156;694206;1747;1751;35645;1752;36942;536;234658;423782;373438;12245;42699;68009;68008;5678;1592;151005;6142;3850;954;22255;12652;9002;2154;8922;999777;7615;4441;743;129;118;301946;516678;2761;444440;2704;333330;8237;78898;8443;100007;63745;46497;65784;95650;475454;15024;2219;4124;696931;54321;19101;823;95643;2132;800045;1435;7522;344543;125;777999;863;63911;26629;63909;63907;233023;102938;4752;69612;4212;15017;4211;421;78894;95638;95637;71038;12315;95628;15008;15011;71027;66024;15003;66032;95631;71034;71032;66028;71026;71023;95613;768525;399;119433;3453;719;618958;714;71009;71007;288;3533;66005;78888;63896;66003;771;71002;33334;774824;24325;66004;284938;684093;897;4382;4442;4154;34255;867198;4821;78885;790941;4545;69696;2838;182949;110202;8903;565758;8902;111233;82;39276;91;90;442883;24;75;64;63;46;48;44;8896;3978;65015;66667;70013;475448;70005;710955;65282;991122;475447;3175;17;206;204;444;3456;777;188;190;1568;189;182;669;668;1000;66666;3814;3;1948;746389;4673;315;666;420690;32457;47012;207274;1950;94219;2507;1;69006;69009]
13,639,12.78%,[4017;3474;8758;78920;6010;79236;80109;1218;1444;42071;2182;4781;757;6218;3940;1765;5526;48484;588;1326;5245;9478;1773;46509;170519;7889;31013;1153;6544;6632;7449;34356;8726;77564;56743;985;1193;1635;5344;84658;98174;3881;837829;7138;927618;2432;4776;4556;3462;42068;128448;3173;5288;522648;1124;690069;6686;9942;77890;941;8264;50822;7626;101111;8757;4987;4520;568;509;559;563;547;519;538;492;574;63726;6688;7546;392985;392986;899;2379;69069;438;6196;392984;8329;10201;91822;99997;69699;368;8495;295;304;308;239631;3467;888872;1768;7645;14069;89989;300003;568466;69213;420427;392982;250;5066;4471;777151;4350;2366;868686;249;1355;5887;3247;2204;7249;4349;784963;637827;333221;67893;3322;7234;6875;6767;90000;246810;78442;5363;2019;4365;42395;814452;54892;8075;8750;1542;4267;4072;87441;5151;900;67843;333441;55136;1400;49781;3898;78916;8943;5329;475467;112358;808888;56453;1622;4204;662;9532;19558;5216;19556;5312;420423;6746;885;20946;3471;3036;7456;122333;1607;844;7248;64701;5229;2052;5228;5226;21222;5225;1943;44944;24812;6590;861;40804;8428;45424;4344;8358;13377;6334;2868;5123;85022;15455;9345;333222;5214;6350;7691;1123;8951;7324;374;522316;101013;5439;350;999145;9344;377;7661;46503;5210;545;378;1456;22000;5698;22988;508;2858;525;389;3998;2861;5421;3527;6489;887778;7500;7619;4784;1939;7865;279;1499;144446;8745;2595;124567;134000;315834;7232;6521;50818;4024;95083;4728;980674;24818;290;2555;4069;4532;4257;8535;8427;3452;3110;3748;387;3758;342;7140;3068;555444;1831;123210;3813;78744;11283;828;12333;818;989898;666665;1565;9110;9109;98567;3919;676;678;843;575;3008;756;4998;74242;1937;32359;76002;98566;7001;98562;75643;2749;98561;6300;9094;475461;254343;1064;5552;648;5475;4423;475462;257;481741;121214;5923;8034;89237;991199;9623;7539;5408;125465;1246;4768;4252;675;4450;475459;923;2444;426;12222;1587;16969;4286;5038;2488;8100;3577;641;3778;1244;1438;5799;2049;554;2516;94113;224;42042;23150;5745;3648;1341;222234;6509;356;214;2314;7159;174;168;215;210;3141;63842;301;4440;1490;5686;1694;155;9082;160;1292;6621;554454;4302;3566;2801;4777;480;68026;475456;514;73008;1738;6613;1007;475;3852;4229;1422;5325;3501;4227;69621;7337;4973;73004;3948;73000;2299;660066;4044;44445;3565;666999;151012;826;852145;1294;601;4999;1748;101010;513;1250;1749;1753;111222;665565;4226;68011;5537;100011;2234;5792;56087;777770;99990;654321;4251;68010;6296;85885;151000;920834;624072;920292;264824;680176;78616;860614;841218;9056;999333;10595;407;10420;11111;255;130;112;131;3753;87;2312;1200;2227;6435;1011;169;242421;837263;412333;1212;854;78896;7070;702;7756;66049;66050;71052;71047;4002;676888;39286;489632;311337;824;5342;187934;39283;7859;8170;888889;5441;158;666669;239;2885;7532;1219;63901;63902;4981;482835;5111;15018;449353;725744;2737;101421;6288;95641;66041;71040;95626;5236;71036;6060;66031;78890;66021;71019;95627;66025;66022;71024;66015;95616;66013;95615;725150;478531;879300;28742;179279;545644;723;7152;4242;800813;1235;875323;95611;3101;71008;71011;11567;765432;3578;101;3358;32451;71006;5470;148778;321540;95602;87063;2222;666666;10021;222222;12353;5555;1104;2134;95600;475450;95659;6575;532001;143;25852;9823;42695;725143;86;94349;500000;5050;2361;373839;80;12138;84;95;73;30;61;39;43;456888;8897;8898;8900;4111;888887;8341;65017;65012;70008;65003;65004;65005;65002;23653;32582;151;7896;33;532522;192;184;673;181;630;150;667;7186;40;1222;752152;243;2508;9;799;23984;410;1253;1956;3819;30029;580703;69000;1949;486535;88888;69]
14,647,12.94%,[8502;1197;4510;69469;44425;9654;8331;76757;1774;4780;84848;2181;55235;884;13132;7345;6219;50823;1772;3886;606060;877543;598462;62145;586;50105;79235;7868;870;238945;42151;969;895;2591;475471;2940;959;321328;224242;2367;692;1603;999148;86378;781293;872391;1630;2178;202512;32901;6214;12132;14869;997845;911003;996;984125;420430;712;88142;999990;1582;9638;8498;5710;4632;234244;4750;2386;6008;291823;3916;38923;43345;471856;7526;135891;5620;16485;69425;32744;2059;113456;496;544;493;454;34253;491;97667;25699;4883;75532;31415;5455;68202;6541;69423;5985;5582;56432;3520;7516;424;1423;5798;12869;88588;72003;5931;5642;98420;456274;4565;1791;9431;362;2453;303;355;380;292;2871;711;8766;64052;2939;78394;135897;728;8799;420428;344;318;79234;9256;3349;46985;9625;718;5869;262;52463;2081;9986;5658;7241;2055;1189;562;132577;77779;5724;9346;3157;3350;1143;3492;640;999991;457;89562;8101;69108;11500;254;8327;9429;42690;420000;887546;2174;1793;4894;3543;5926;4173;80000;3843;56481;15474;111118;6153;75827;7669;19559;7998;8116;754646;315837;3554;2171;420424;992;637;134006;1605;1203;42423;3441;55800;41070;4732;5239;5218;75649;1205;8493;868;860;4758;5876;4832;392978;63723;8326;192676;2130;489122;12321;98572;403;156898;76014;98570;599;952;98569;743023;1996;1599;4064;379;281321;8748;766;2929;7032;765;4900;111119;1578;333000;1690;5553;425;6527;1297;4063;3343;1394;3607;6279;1837;7690;1169;5925;452;2246;4413;4343;3878;3517;80686;373;928;1596;9634;1476;28291;28292;2165;7567;664;5419;354434;6483;6523;188813;1304;6578;2589;4062;381;7247;4201;786;270;4727;326;4135;1450;3759;1534;11131;99119;88822;7146;98568;76012;8056;548;2457;735;385;1045;830;3308;9106;1259;156893;4289;2473;22922;3111;7854;543456;5878;5474;6478;14475;1245;1482;795;1800;6922;887462;76006;25603;669996;98560;4848;7700;4620;4133;5416;392970;3338;2150;4240;4247;1492;475463;4132;462;7451;1992;6871;300597;696970;4831;216789;4356;12225;9921;999998;1002;8546;5415;3745;392968;88234;1839;2333;475458;4581;3428;2018;34267;4290;616;346808;4379;66674;223;423553;412;708;216;211;4131;475457;4152;2802;7878;153;162;74521;4261;232;2800;1063;8177;1255;100001;1012;8455;7745;8883;477;68027;66665;689053;1838;9092;9012;4130;1867;5612;68024;151018;4232;3854;5634;68022;474;1291;2341;789;3199;68020;73002;5547;46499;475455;5424;346790;725154;35500;6502;68015;68013;440653;3142;7722;1216;4933;898;1744;2155;68012;666777;73638;5412;505;4021;4009;1836;151004;68000;78899;328;4127;9057;504;696;376;10597;8171;190321;5791;119;138;89;102;122;215214;568893;4008;2451;61895;1114;502;880088;3104;34567;4567;222220;6291;51337;223442;33331;73636;8249;4219;1812;7563;4823;4122;95649;39287;66046;35353;4000;4123;761529;93752;33245;15020;2454;32164;4121;733;2886;5432;63904;4118;1256;5557;995355;32746;71041;73633;71042;15013;15019;66039;95640;911;2133;701;4687;999988;475423;15002;28311;652;15004;15001;694200;95618;95621;95612;95620;71021;95622;1021;66011;725149;101598;511507;660938;264903;556;2339;8945;438268;66009;66010;16061;63893;95604;1835;999111;95607;7245;8881;25628;111337;39279;9413;43763;3658;84284;47818;555;87987;68;994975;426009;311;1005;123;64527;301948;4117;314159;777888;50000;1608;58;203913;1559;65018;1040;999999;92;19;16;18;615341;26;32;57;8901;8899;1984;4115;8889;8890;8891;2831;70009;939393;65011;70011;70003;70000;833449;526141;870653;764333;813822;234234;780000;65001;203;200;8000;207;65579;1547;187;27;193;690420;333333;1782;186;6668;700;6969;152;876543;1001;753512;999995;627;558;20777;222;69005;1962;123456;5;696969;6]
